y-x	turn		number	s_tmp 	as_tmp ss_tmp
1 	1		1	1	1	1
2 	1 1		2	1.414	1	1
3 	1 1 1		3	1.732	2	4
4 	1 2 1		3	2	2	4
5 	1 2 1 1 		4	2.23	2	4
6 	1 2 2 1		4	2.44	2	4
7 	1 2 2 11		5	2.64	3	9
8 	1 2 2 2 1		5	2.82	3	9
9 	1 2 3 2 1		5	3	3	9
10 	1 2 3 2 1 1	6	3.16	3	9
11	1 2 3 2 2 1	6	
12	1 2 3 3 2 1	6
13	1 2 3 3 2 1 1	7
14	1 2 3 3 2 2 1	7
15	1 2 3 3 3 2 1	7
16	1 2 3 4 3 2 1	7
17	1 2 3 4 3 2 1 1	8
18	1 2 3 4 3 2 2 1	8
19	1 2 3 4 3 3 2 1	8
20	1 2 3 4 4 3 2 1	8
21	1 2 3 4 4 3 2 1 1	9
22	1 2 3 4 4 3 2 2 1	9
23	1 2 3 4 4 3 3 2 1	9
24	1 2 3 4 4 4 3 2 1	9
25	1 2 3 4 5 4 3 2 1	9



//	(int)(sqrt(y-x)*sqrt(y-x)) == (y-x) : 제곱수 -> number = sqrt(y-x)*2 -1
(int)(sqrt(y-x)*sqrt(y-x)) <   (y-x) : 제곱수와 제곱수 사이
-> 버림 : number = sqrt(y-x)*2  : 
-> 올림 : number = sqrt(y-x)*2 - 1 : s_tmp < as_tmp